4015
4031
4035
4053
4055
4060
4076
4079
4081
4082
4083
4093
4094
4099
4109
4112
4114
4118
4122
4124
4128
4129
4132
4134
4136
4140
4141
4143
4144
4145
4146
4147
4150
4151
4154
4156
4158
4159
4160
4169
4170
4173
4179
4180
4182
4183
4185
4186
4187
4188
4189
4190
4191
4193
4194
4196
4197
4201
4202
4203
4209
4210
4211
4212
4213
4215
4222
4225
4228
4231
4233
4234
4235
4236
4237
4238
4244
4245
4246
4248
4249
4252
4256
4259
4260
4265
4266
4267
4269
4270
4276
4277
4279
4283
4289
4290
4291
4295
4296
4301
4304
4344
4367
4399
4406
4407
4408
4410
4412
4414
4417
4419
4424
4427
4429
4432
4433
4437
4438
4440
4441
4442
4447
4448
4449
4452
4455
4456
4457
4458
4461
4462
4463
4466
4470
4478
4482
4483
4488
4489
4491
4492
4495
4500
4502
4505
4509
4510
4513
4516
4520
4524
4526
4527
4528
4531
4532
4534
4536
4541
4542
4554
4555
4562
4564
4572
4576
4577
4582
4583
4584
4585
4590
4593
4594
4595
4596
4598
4600
4601
4602
4606
4607
4610
4613
4623
4625
4626
4628
4629
4631
4635
4639
4640
4645
4646
4650
4651
4654
4661
4665
4671
4672
4673
4681
4684
4686
4689
4690
4697
4699
4701
4704
4721
4726
4730
4765
4779
4781
4782
4783
4784
4791
4793
4796
4797
4801
4807
4809
4824
4825
4827
4829
4833
4855
4867
4959
4994
4995
4996
4997
5012
5013
5014
5018
5019
5029
5036
5038
5039
5041
5043
5047
5049
5050
5051
5052
5054
5055
5056
5057
5058
5064
5068
5070
5071
5072
5073
5074
5075
5076
5077
5078
5080
5081
5082
5083
5084
5085
5087
5088
5089
5100
5105
5115
5117
5154
5155
5156
5157
5158
5159
5160
5163
5165
5167
5169
5171
5172
5173
5174
5175
5176
5177
5178
5179
5180
5181
5182
5183
5184
5185
5186
5187
5188
5189
5190
5191
5192
5215
5228
5233
5235
5240
5241
5282
5283
5288
5289
5293
5294
5307
5317
5324
5332
5337
5364
5368
5369
5370
5383
5384
5385
5403
5405
5407
5429
5447
5454
5455
5456
5457
5458
5459
5460
5461
5462
5463
5464
5465
5466
5467
5468
5469
5470
5471
5472
5487
5495
5500
5551
5554
5563
5565
5566
5567
5568
5569
5570
5571
5572
5573
5577
5633
5634
5635
5638
5639
5640
5689
5690
5691
5692
5693
5694
5712
5742
5744
5745
5746
5747
5748
5749
5750
5751
5753
5754
5755
5801
5802
5805
5806
5807
5808
5809
5861
5862
5863
5864
5865
5866
5867
5870
5925
5929
5936
5937
5938
5939
5940
5941
5942
5997
5998
5999
6002
6008
6009
6011
6012
6013
6014
6015
6016
6017
6074
6077
6080
6081
6091
6154
6157
6163
6165
6171
6180
6228
6230
6290
6294
6295
6296
6297
6299
6300
6301
6305
6306
6309
6369
6370
6371
6372
6375
6377
6378
6379
6381
6382
6401
6402
6403
6404
6451
6452
6455
6459
6460
6461
6462
6463
6464
6466
6490
6526
6533
6534
6548
6549
6551
6552
6553
6554
6556
6557
6559
6560
6561
6562
6585
6586
6627
6628
6629
6630
6631
6632
6633
6634
6635
6637
6638
6649
6650
6651
6652
6713
6714
6715
6716
6717
6718
6719
6724
6725
6726
6729
6730
6732
6740
6750
6751
6760
6786
6787
6788
6789
6791
6792
6793
6795
6820
6826
6827
6828
6829
6834
6836
6837
6838
6839
6840
6845
6846
6847
6848
6849
6850
6851
6852
6853
6857
6861
6862
6864
6867
6868
6873
6874
6875
6919
6921
6923
6924
6925
6926
6929
6930
6931
6958
6959
7020
7021
7022
7023
7027
7028
7029
7030
7031
7032
7033
7034
7036
7037
7040
7041
7042
7043
7044
7045
7054
7055
7059
7060
7061
7062
7063
7065
7066
7067
7069
7070
7097
7098
7099
7100
7101
7185
7186
7237
7238
7239
7240
7241
7242
7249
7250
7253
7263
7274
7330
7355
7356
7357
7360
7361
7362
7363
7364
7373
7374
7375
7393
7394
7395
7396
7402
7440
7496
7497
7499
7500
7501
7502
7503
7504
7505
7506
7507
7509
7510
7511
7512
7513
7515
7521
7523
7524
7525
7654
7655
7656
7657
7665
7748
7771
7772
7773
7774
7775
7776
7777
7778
7779
7780
7781
7783
7784
7785
7786
7791
7792
7793
7794
7847
7859
7860
7861
7862
7863
7936
7938
7939
7940
7941
7974
7975
7976
7977
7979
7980
7992
7993
7994
7995
7996
7997
8123
8124
8125
8127
8128
8130
8131
8148
8149
8150
8151
8152
8153
8194
8267
8276
8277
8278
8279
8284
8285
8286
8287
8288
8289
8290
8291
8381
8382
8383
8384
8385
8387
8419
8423
8424
8425
8426
8428
8429
8531
8532
8533
8534
8540
8541
8542
8544
8588
8589
8590
8591
8606
8610
8611
8697
8699
8701
8702
8741
8743
8744
8747
8748
8749
8750
8751
8752
8764
8765
8766
8767
8768
8769
8770
8771
8772
8773
8774
8776
8868
8869
8871
8872
8873
8874
8875
8876
8877
8878
8879
8880
8881
8882
8883
8884
8885
8886
8887
8888
8889
8890
8923
8924
8925
8926
8927
8928
8929
8930
8931
9014
9015
9017
9018
9019
9020
9021
9023
9024
9025
9026
9027
9028
9029
9052
9053
9054
9055
9056
9058
9059
9061
9063
9064
9065
9070
9071
9072
9073
9074
9075
9077
9189
9190
9191
9192
9193
9197
9220
9221
9222
9223
9224
9225
9226
9227
9228
9229
9230
9231
9247
9248
9249
9250
9251
9252
9253
9254
9255
9257
9258
9259
9260
9261
9262
9263
9268
9269
9270
9273
9274
9275
9276
9403
9404
9405
9406
9407
9408
9410
9411
9412
9413
9414
9415
9416
9417
9418
9419
9421
9422
9423
9424
9425
9426
9427
9428
9429
9430
9431
9432
9433
9462
9464
9465
9466
9467
9468
9469
9470
9471
9556
9557
9558
9560
9561
9613
9614
9615
9616
9617
9850
9851
9862
10112
10113
10331
10481
10580
10585
10685
10828
10841
10843
10845
10846
10848
10849
10850
10851
10852
10853
10855
10856
10857
10858
10859
10967
10968
10969
10970
10971
10996
11026
11027
11028
11029
11121
11124
11125
11128
11130
11131
11300
11306
11314
11325
11326
11327
11328
11329
11330
11436
11437
11438
11439
11440
11443
11444
11445
11451
11452
11454
11455
11456
11458
11462
11463
11464
11514
11518
11520
11601
11602
11603
11604
11605
11606
11607
11608
11609
11610
11611
11612
11613
11661
11663
11668
11669
11670
11672
11673
11674
11675
11766
11780
11781
11782
11783
11866
11867
11868
11871
11872
11873
11874
11875
11876
11877
11878
11879
11923
11924
11925
11926
11928
11930
11932
11943
11944
12025
12027
12028
12029
12030
12043
12044
12045
12046
12082
12083
12084
12085
12086
12087
12088
12089
12096
12097
12189
12190
12191
12192
12193
12194
12195
12196
12197
12225
12226
12227
12228
12229
12230
12231
12232
12233
12253